15399
194801
762697
1546038
2130177
2273900
2428315
2980984
3604111
4078116
4718332
4466231
5012014
5415256
6061922
5902925
5867408
6159015
7386964
6892558
6497680
7187990
7039467
7438314
9171532
9155660
8888194
9209237
10396138
10005914
10012968
10845329
10551944
10576463
10984560
10793590
11456386
11284757
12045239
12597480
11377019
11576655
12553523
12740310
13738144
13479131
13858351
13955042
13812295
15450825
14968713
14422810
15348695
15414770
15189137
14602269
15170634
16048247
16081179
16830746
16636358
16160075
15764125
17305512
17532291
16958621
17864700
14548535
16403918
15628829
14033840
14475620
14234273
13180164
13413775
12184813
12420718
11613498
11508229
11858954
11795581
10591028
11709148
10395501
10360748
10242637
10050285
9733426
9533832
8717414
8334852
7379590
6885560
7536437
7554359
6347597
6908625
6840921
6560050
6586439
5601391
6189077
5529879
5711019
5779119
4673236
4067752
4473722
4446363
3593130
3716961
3461031
2902933
2773566
2685293
2641317
2411024
1901856
2711700
1471455
2162469
923001
1414987
640731
1191530
559490
573768